tag0                     		 0.004577		 0.002315		 0.200000
tag1                     		 0.004745		 0.002404		 0.181818
tag10                    		 0.000000		 0.000000		 0.000000
tag108                   		 0.006711		 0.003521		 0.071429
tag11                    		 0.016949		 0.009302		 0.095238
tag12                    		 0.020305		 0.010471		 0.333333
tag13                    		 0.000000		 0.000000		 0.000000
tag14                    		 0.000000		 0.000000		 0.000000
tag15                    		 0.000000		 0.000000		 0.000000
tag16                    		 0.000000		 0.000000		 0.000000
tag17                    		 0.000000		 0.000000		 0.000000
tag18                    		 0.015038		 0.008929		 0.047619
tag19                    		 0.034188		 0.021053		 0.090909
tag2                     		 0.002677		 0.001359		 0.090909
tag20                    		 0.000000		 0.000000		 0.000000
tag21                    		 0.000000		 0.000000		 0.000000
tag22                    		 0.016260		 0.009615		 0.052632
tag23                    		 0.000000		 0.000000		 0.000000
tag24                    		 0.000000		 0.000000		 0.000000
tag25                    		 0.000000		 0.000000		 0.000000
tag26                    		 0.000000		 0.000000		 0.000000
tag27                    		 0.000000		 0.000000		 0.000000
tag28                    		 0.000000		 0.000000		 0.000000
tag29                    		 0.000000		 0.000000		 0.000000
tag3                     		 0.000000		 0.000000		 0.000000
tag30                    		 0.000000		 0.000000		 0.000000
tag31                    		 0.000000		 0.000000		 0.000000
tag32                    		 0.000000		 0.000000		 0.000000
tag33                    		 0.000000		 0.000000		 0.000000
tag34                    		 0.000000		 0.000000		 0.000000
tag35                    		 0.076923		 0.042857		 0.375000
tag36                    		 0.000000		 0.000000		 0.000000
tag37                    		 0.000000		 0.000000		 0.000000
tag38                    		 0.031250		 0.017857		 0.125000
tag4                     		 0.004556		 0.002326		 0.111111
tag5                     		 0.138425		 0.076517		 0.725000
tag6                     		 0.020000		 0.010676		 0.157895
tag7                     		 0.012232		 0.006623		 0.080000
tag8                     		 0.000000		 0.000000		 0.000000
tag9                     		 0.008696		 0.004608		 0.076923
