tag0                     		 0.309579		 0.238489		 0.441048
tag1                     		 0.165829		 0.114983		 0.297297
tag10                    		 0.310139		 0.380488		 0.261745
tag108                   		 0.336192		 0.374046		 0.305296
tag11                    		 0.169492		 0.218447		 0.138462
tag12                    		 0.603675		 0.628415		 0.580808
tag13                    		 0.127473		 0.166667		 0.103203
tag14                    		 0.288557		 0.351515		 0.244726
tag15                    		 0.169903		 0.239726		 0.131579
tag16                    		 0.122807		 0.193103		 0.090032
tag17                    		 0.185615		 0.285714		 0.137457
tag18                    		 0.173697		 0.294118		 0.123239
tag19                    		 0.375796		 0.483607		 0.307292
tag2                     		 0.293240		 0.241679		 0.372768
tag20                    		 0.170543		 0.286957		 0.121324
tag21                    		 0.189944		 0.293103		 0.140496
tag22                    		 0.117264		 0.156522		 0.093750
tag23                    		 0.190202		 0.289474		 0.141631
tag24                    		 0.070845		 0.173333		 0.044521
tag25                    		 0.207283		 0.342593		 0.148594
tag26                    		 0.198718		 0.313131		 0.145540
tag27                    		 0.085960		 0.154639		 0.059524
tag28                    		 0.270833		 0.419355		 0.200000
tag29                    		 0.308333		 0.552239		 0.213873
tag3                     		 0.249783		 0.185567		 0.381963
tag30                    		 0.191304		 0.289474		 0.142857
tag31                    		 0.180258		 0.300000		 0.128834
tag32                    		 0.179104		 0.257143		 0.137405
tag33                    		 0.188525		 0.323944		 0.132948
tag34                    		 0.146939		 0.285714		 0.098901
tag35                    		 0.420000		 0.552632		 0.338710
tag36                    		 0.054545		 0.089552		 0.039216
tag37                    		 0.145251		 0.183099		 0.120370
tag38                    		 0.256410		 0.403226		 0.187970
tag4                     		 0.259394		 0.251174		 0.268170
tag5                     		 0.442916		 0.443526		 0.442308
tag6                     		 0.285714		 0.297030		 0.275229
tag7                     		 0.220126		 0.270270		 0.185676
tag8                     		 0.241431		 0.252336		 0.231429
tag9                     		 0.186567		 0.221239		 0.161290
