tag0                     		 0.392497		 0.337313		 0.469269
tag1                     		 0.234321		 0.201183		 0.280528
tag10                    		 0.376543		 0.439904		 0.329137
tag108                   		 0.354874		 0.315789		 0.405000
tag11                    		 0.195599		 0.185615		 0.206718
tag12                    		 0.758133		 0.722372		 0.797619
tag13                    		 0.136072		 0.157738		 0.119639
tag14                    		 0.263815		 0.254296		 0.274074
tag15                    		 0.182965		 0.207143		 0.163842
tag16                    		 0.178010		 0.188192		 0.168874
tag17                    		 0.259965		 0.294118		 0.232919
tag18                    		 0.128244		 0.175000		 0.101205
tag19                    		 0.304029		 0.344398		 0.272131
tag2                     		 0.357354		 0.290809		 0.463388
tag20                    		 0.139918		 0.142857		 0.137097
tag21                    		 0.214411		 0.262931		 0.181009
tag22                    		 0.157658		 0.165094		 0.150862
tag23                    		 0.261851		 0.298969		 0.232932
tag24                    		 0.133581		 0.191489		 0.102564
tag25                    		 0.332584		 0.402174		 0.283525
tag26                    		 0.148305		 0.176768		 0.127737
tag27                    		 0.142857		 0.185185		 0.116279
tag28                    		 0.370927		 0.420455		 0.331839
tag29                    		 0.329298		 0.422360		 0.269841
tag3                     		 0.333076		 0.283465		 0.403738
tag30                    		 0.368715		 0.423077		 0.326733
tag31                    		 0.414894		 0.503226		 0.352941
tag32                    		 0.278075		 0.302326		 0.257426
tag33                    		 0.253102		 0.351724		 0.197674
tag34                    		 0.179641		 0.214286		 0.154639
tag35                    		 0.462963		 0.539568		 0.405405
tag36                    		 0.102981		 0.143939		 0.080169
tag37                    		 0.408669		 0.528000		 0.333333
tag38                    		 0.339152		 0.462585		 0.267717
tag4                     		 0.297954		 0.275414		 0.324513
tag5                     		 0.567589		 0.497230		 0.661142
tag6                     		 0.237736		 0.214651		 0.266385
tag7                     		 0.183121		 0.205357		 0.165230
tag8                     		 0.310044		 0.302128		 0.318386
tag9                     		 0.182857		 0.184332		 0.181406
