tag0                     		 0.000000		 0.000000		 0.000000
tag1                     		 0.000000		 0.000000		 0.000000
tag10                    		 0.009975		 0.005076		 0.285714
tag108                   		 0.000000		 0.000000		 0.000000
tag11                    		 0.000000		 0.000000		 0.000000
tag12                    		 0.080808		 0.042105		 1.000000
tag13                    		 0.000000		 0.000000		 0.000000
tag14                    		 0.000000		 0.000000		 0.000000
tag15                    		 0.000000		 0.000000		 0.000000
tag16                    		 0.000000		 0.000000		 0.000000
tag17                    		 0.000000		 0.000000		 0.000000
tag18                    		 0.000000		 0.000000		 0.000000
tag19                    		 0.000000		 0.000000		 0.000000
tag2                     		 0.000000		 0.000000		 0.000000
tag20                    		 0.000000		 0.000000		 0.000000
tag21                    		 0.000000		 0.000000		 0.000000
tag22                    		 0.000000		 0.000000		 0.000000
tag23                    		 0.000000		 0.000000		 0.000000
tag24                    		 0.000000		 0.000000		 0.000000
tag25                    		 0.000000		 0.000000		 0.000000
tag26                    		 0.000000		 0.000000		 0.000000
tag27                    		 0.000000		 0.000000		 0.000000
tag28                    		 0.000000		 0.000000		 0.000000
tag29                    		 0.000000		 0.000000		 0.000000
tag3                     		 0.000000		 0.000000		 0.000000
tag30                    		 0.000000		 0.000000		 0.000000
tag31                    		 0.012821		 0.006494		 0.500000
tag32                    		 0.000000		 0.000000		 0.000000
tag33                    		 0.000000		 0.000000		 0.000000
tag34                    		 0.000000		 0.000000		 0.000000
tag35                    		 0.000000		 0.000000		 0.000000
tag36                    		 0.000000		 0.000000		 0.000000
tag37                    		 0.000000		 0.000000		 0.000000
tag38                    		 0.000000		 0.000000		 0.000000
tag4                     		 0.000000		 0.000000		 0.000000
tag5                     		 0.008197		 0.004115		 1.000000
tag6                     		 0.000000		 0.000000		 0.000000
tag7                     		 0.000000		 0.000000		 0.000000
tag8                     		 0.000000		 0.000000		 0.000000
tag9                     		 0.000000		 0.000000		 0.000000
