tag0                     		 0.564356		 0.457045		 0.737523
tag1                     		 0.364677		 0.257803		 0.622905
tag10                    		 0.374728		 0.436548		 0.328244
tag108                   		 0.453721		 0.498008		 0.416667
tag11                    		 0.291829		 0.365854		 0.242718
tag12                    		 0.808140		 0.817647		 0.798851
tag13                    		 0.252588		 0.321053		 0.208191
tag14                    		 0.340314		 0.445205		 0.275424
tag15                    		 0.262626		 0.376812		 0.201550
tag16                    		 0.203310		 0.328244		 0.147260
tag17                    		 0.204489		 0.305970		 0.153558
tag18                    		 0.176471		 0.294643		 0.125954
tag19                    		 0.310231		 0.419643		 0.246073
tag2                     		 0.523810		 0.447025		 0.632444
tag20                    		 0.213873		 0.308333		 0.163717
tag21                    		 0.279070		 0.342857		 0.235294
tag22                    		 0.215873		 0.317757		 0.163462
tag23                    		 0.374046		 0.485149		 0.304348
tag24                    		 0.100890		 0.180851		 0.069959
tag25                    		 0.377358		 0.490196		 0.306748
tag26                    		 0.236559		 0.370787		 0.173684
tag27                    		 0.174194		 0.236842		 0.137755
tag28                    		 0.532663		 0.638554		 0.456897
tag29                    		 0.282353		 0.461538		 0.203390
tag3                     		 0.423469		 0.322957		 0.614815
tag30                    		 0.425743		 0.565789		 0.341270
tag31                    		 0.448485		 0.521127		 0.393617
tag32                    		 0.218182		 0.333333		 0.162162
tag33                    		 0.333333		 0.458333		 0.261905
tag34                    		 0.147783		 0.200000		 0.117188
tag35                    		 0.423077		 0.532258		 0.351064
tag36                    		 0.074074		 0.109589		 0.055944
tag37                    		 0.409938		 0.464789		 0.366667
tag38                    		 0.358974		 0.424242		 0.311111
tag4                     		 0.494024		 0.460396		 0.532951
tag5                     		 0.714459		 0.735000		 0.695035
tag6                     		 0.458746		 0.476027		 0.442675
tag7                     		 0.246154		 0.271186		 0.225352
tag8                     		 0.387097		 0.383333		 0.390935
tag9                     		 0.323049		 0.395556		 0.273006
