tag0                     		 0.223541		 0.129439		 0.818841
tag1                     		 0.031180		 0.016185		 0.424242
tag10                    		 0.335404		 0.274112		 0.432000
tag108                   		 0.360563		 0.254980		 0.615385
tag11                    		 0.073801		 0.048780		 0.151515
tag12                    		 0.724739		 0.611765		 0.888889
tag13                    		 0.041152		 0.026316		 0.094340
tag14                    		 0.259615		 0.184932		 0.435484
tag15                    		 0.048193		 0.028986		 0.142857
tag16                    		 0.148571		 0.099237		 0.295455
tag17                    		 0.105263		 0.067164		 0.243243
tag18                    		 0.083832		 0.062500		 0.127273
tag19                    		 0.184397		 0.116071		 0.448276
tag2                     		 0.257143		 0.156749		 0.715232
tag20                    		 0.162500		 0.108333		 0.325000
tag21                    		 0.117647		 0.076190		 0.258065
tag22                    		 0.058824		 0.037383		 0.137931
tag23                    		 0.305732		 0.237624		 0.428571
tag24                    		 0.047244		 0.031915		 0.090909
tag25                    		 0.248366		 0.186275		 0.372549
tag26                    		 0.114286		 0.089888		 0.156863
tag27                    		 0.072993		 0.043860		 0.217391
tag28                    		 0.302521		 0.216867		 0.500000
tag29                    		 0.137931		 0.115385		 0.171429
tag3                     		 0.187845		 0.110246		 0.634328
tag30                    		 0.341085		 0.289474		 0.415094
tag31                    		 0.412214		 0.380282		 0.450000
tag32                    		 0.227273		 0.208333		 0.250000
tag33                    		 0.232143		 0.180556		 0.325000
tag34                    		 0.062500		 0.040000		 0.142857
tag35                    		 0.342857		 0.290323		 0.418605
tag36                    		 0.000000		 0.000000		 0.000000
tag37                    		 0.288462		 0.211268		 0.454545
tag38                    		 0.341085		 0.333333		 0.349206
tag4                     		 0.193416		 0.116337		 0.573171
tag5                     		 0.680473		 0.575000		 0.833333
tag6                     		 0.314214		 0.215753		 0.577982
tag7                     		 0.027933		 0.016949		 0.079365
tag8                     		 0.109005		 0.063889		 0.370968
tag9                     		 0.129964		 0.080000		 0.346154
