tag0                     		 0.361999		 0.235225		 0.785156
tag1                     		 0.188270		 0.113826		 0.544160
tag10                    		 0.438007		 0.473684		 0.407328
tag108                   		 0.405963		 0.343023		 0.497191
tag11                    		 0.268861		 0.223235		 0.337931
tag12                    		 0.745149		 0.742268		 0.748052
tag13                    		 0.201626		 0.180758		 0.227941
tag14                    		 0.386364		 0.411765		 0.363914
tag15                    		 0.246479		 0.214067		 0.290456
tag16                    		 0.263158		 0.284281		 0.244957
tag17                    		 0.280587		 0.315018		 0.252941
tag18                    		 0.254083		 0.303030		 0.218750
tag19                    		 0.381625		 0.473684		 0.319527
tag2                     		 0.346316		 0.237203		 0.641326
tag20                    		 0.277895		 0.273859		 0.282051
tag21                    		 0.288210		 0.318841		 0.262948
tag22                    		 0.278027		 0.270742		 0.285714
tag23                    		 0.330020		 0.400966		 0.280405
tag24                    		 0.238095		 0.341463		 0.182768
tag25                    		 0.434426		 0.530000		 0.368056
tag26                    		 0.283305		 0.383562		 0.224599
tag27                    		 0.217659		 0.251185		 0.192029
tag28                    		 0.459519		 0.603448		 0.371025
tag29                    		 0.258475		 0.403974		 0.190031
tag3                     		 0.222463		 0.133987		 0.654952
tag30                    		 0.366265		 0.510067		 0.285714
tag31                    		 0.415385		 0.547297		 0.334711
tag32                    		 0.310924		 0.471338		 0.231975
tag33                    		 0.350000		 0.553957		 0.255814
tag34                    		 0.285057		 0.455882		 0.207358
tag35                    		 0.403756		 0.632353		 0.296552
tag36                    		 0.146479		 0.201550		 0.115044
tag37                    		 0.330789		 0.528455		 0.240741
tag38                    		 0.299020		 0.549550		 0.205387
tag4                     		 0.418196		 0.310795		 0.639024
tag5                     		 0.611558		 0.565629		 0.665605
tag6                     		 0.362613		 0.292727		 0.476331
tag7                     		 0.238683		 0.206406		 0.282927
tag8                     		 0.309917		 0.227273		 0.487013
tag9                     		 0.288056		 0.263383		 0.317829
