tag0                     		 0.027491		 0.014043		 0.648649
tag1                     		 0.003521		 0.001788		 0.115385
tag10                    		 0.298326		 0.245614		 0.379845
tag108                   		 0.061962		 0.034884		 0.276923
tag11                    		 0.020202		 0.011390		 0.089286
tag12                    		 0.622222		 0.469072		 0.923858
tag13                    		 0.005236		 0.002915		 0.025641
tag14                    		 0.052326		 0.031142		 0.163636
tag15                    		 0.000000		 0.000000		 0.000000
tag16                    		 0.035503		 0.020067		 0.153846
tag17                    		 0.020202		 0.010989		 0.125000
tag18                    		 0.033445		 0.021645		 0.073529
tag19                    		 0.189542		 0.127193		 0.371795
tag2                     		 0.023927		 0.012257		 0.500000
tag20                    		 0.015385		 0.008299		 0.105263
tag21                    		 0.025641		 0.014493		 0.111111
tag22                    		 0.036496		 0.021834		 0.111111
tag23                    		 0.068966		 0.043478		 0.166667
tag24                    		 0.017021		 0.009756		 0.066667
tag25                    		 0.188679		 0.125000		 0.384615
tag26                    		 0.085627		 0.063927		 0.129630
tag27                    		 0.043956		 0.028436		 0.096774
tag28                    		 0.258333		 0.178161		 0.469697
tag29                    		 0.169742		 0.152318		 0.191667
tag3                     		 0.007697		 0.003922		 0.206897
tag30                    		 0.213333		 0.161074		 0.315789
tag31                    		 0.227723		 0.155405		 0.425926
tag32                    		 0.101382		 0.070064		 0.183333
tag33                    		 0.221154		 0.165468		 0.333333
tag34                    		 0.105263		 0.073529		 0.185185
tag35                    		 0.363636		 0.308824		 0.442105
tag36                    		 0.010929		 0.007752		 0.018519
tag37                    		 0.266667		 0.195122		 0.421053
tag38                    		 0.101124		 0.081081		 0.134328
tag4                     		 0.119530		 0.066429		 0.595745
tag5                     		 0.319913		 0.198917		 0.816667
tag6                     		 0.024561		 0.012727		 0.350000
tag7                     		 0.046875		 0.026690		 0.192308
tag8                     		 0.036161		 0.019697		 0.220339
tag9                     		 0.047359		 0.027837		 0.158537
